93410 119791 118991 171414 80997 137260 101330 86778 87709 135817 152349 66792 129751 123561 124187 62108 52031 35091 104994 28792 203822 173401 150417 114565 161819 88479 116373 39011 163918 220893 116234 127956 83963 74832 76184 102236
50199 197913 117069 41891 95089 23520 73435 33208 28127 125017 74195 145727 24137 44965 114510 117907 86475 133671 19582 167123 102114 59377 198183 91995 131045 66111 145846 49703 119733 153861 67749 139525 250116 105116 31402 145478
129142 127991 143659 65943 86722 42064 153160 162805 100050 213409 118816 149747 129374 129064 102075 89566 117270 115710 78160 19290 103401 105224 30785 143149 121776 40127 75821 172941 88612 107741 202419 89214 85529 37149 148564 108363
51886 89454 106595 231961 78593 81357 64623 203195 220892 116721 72114 90217 99244 242565 118113 310071 154536 221996 133329 27587 176749 123309 199937 148592 240643 119338 179626 177199 216440 99181 95379 44247 27223 94495 50820 140121
47810 66220 110981 27603 196468 81111 106159 98369 213058 245340 105118 112826 202172 129700 117332 124478 265538 78364 140219 108588 7333 192047 159905 166006 215270 260219 194082 113469 82528 73032 72994 47388 44120 176853 100413 82188
30047 242010 168437 151773 151409 117620 204835 72182 120508 99457 114836 305765 218173 156450 73329 170591 196429 161368 59643 131527 86837 63279 231772 37611 91959 244587 61630 243913 194682 73931 65346 123260 102217 279162 55592 262921
261776 165226 203312 222166 181351 57755 120285 85609 165636 22499 192353 269637 193368 165004 14714 45698 82647 23484 200402 253850 40088 63571 52794 135299 82895 43043 58824 91607 189345 131321 40131 62671 116835 32940 207075 49601
33917 75701 174668 117163 68728 113199 118142 161509 74856 306035 194953 113623 227962 62025 309709 86854 229924 99446 285841 175402 124476 158144 94172 139442 41094 202886 302311 170287 350291 79222 208608 140056 119753 306268 215674 68300
156404 40355 151705 206221 88882 145774 153346 282334 114969 68480 35925 24576 97804 210863 220709 267369 112984 376981 220470 104320 213425 163611 209841 94934 138263 217093 88195 75455 188208 188753 161026 13531 101340 309639 222373 79876
108454 164978 109342 27057 77093 83968 187663 195568 280233 90826 228581 32825 123440 174889 109269 190011 152945 234189 147886 137224 16074 110870 93779 117239 132541 16775 153554 53427 65460 172618 137564 127264 105734 154804 289705 148058
155894 171399 146555 131461 122077 179011 150352 199602 211159 36350 166868 101306 140068 101085 218456 142478 38017 143856 147010 62235 132328 107997 97699 144049 120709 90958 273921 109876 136011 81738 113647 190923 146858 41206 250809 59540
152357 210984 60349 102022 148270 118214 75173 140648 77823 172778 138465 29144 52395 30142 66387 167349 191944 82746 63254 261859 136999 111201 293531 93638 226214 180021 189326 97148 185074 54095 93139 310632 80407 335391 132769 85789
83448 111583 124888 64486 34076 114064 90589 229983 88976 188375 225406 126492 36427 68408 183350 106138 148436 232795 102807 161936 108713 122363 133459 179175 154001 180454 168585 131660 227814 60801 64150 137905 89917 81049 121877 127161
42412 16809 187206 156979 180902 53607 92548 269175 56283 113122 224425 404386 128802 56924 260513 115635 159354 130934 142896 44098 188779 131656 82902 101211 65976 230788 112872 93920 112455 232114 96101 106171 133559 126017 43934 206130
54830 112708 147140 68408 133962 81096 92729 381048 232922 134415 142296 95818 52886 109873 216002 99856 41307 135161 110770 229566 83751 119577 39945 169453 94317 97352 145534 150394 140104 86426 172440 101056 188527 205024 134081 60243
208763 196772 16408 156601 87870 251391 81380 187391 137812 93581 25301 182312 143751 186262 144581 64178 110709 211426 113980 267891 128801 54563 260123 106044 223442 118440 169833 99172 70537 45405 81721 96757 103588 110030 173892 101723
125305 63328 213642 248075 89203 78781 183384 171387 170113 149212 61831 65133 114040 136189 173438 163158 128255 115095 50908 94732 228300 70237 110186 136658 130568 216353 230200 184604 147437 119931 73340 162280 272860 212913 69170 219679
96114 131468 154425 189757 90014 41155 70928 133969 291186 145370 78433 82815 178794 106628 119431 88896 150469 191770 93351 100517 279487 128654 44454 103380 237863 320125 107824 112377 154241 54152 123441 139083 102794 160634 93163 141554
221110 85917 97959 142752 121840 103206 164512 302701 213864 63413 145194 150184 163424 89034 194050 205178 194369 40549 29955 149656 86935 139615 193731 156035 104456 211323 170673 170248 124367 118813 184995 97487 93892 104500 266863 93875
83490 62817 26424 185842 77340 183606 213674 27209 59034 246232 285813 131650 307358 246624 91004 54961 86553 29093 137416 373971 93174 256378 123111 139064 229577 30208 20372 111484 184676 19302 294011 170564 80333 130982 145510 141046
83406 155281 178024 41829 102190 159960 193876 118357 132489 77923 26083 121298 122503 146598 175033 207814 109566 57041 121812 29512 139458 129675 105438 17412 110854 18381 118517 44078 181596 218637 12488 97051 109421 135718 87518 122029
308562 140146 183441 36843 153226 84662 16763 129045 119221 179471 246410 165501 257454 67408 55668 180070 142992 124738 150946 167760 79008 141190 65672 189036 16065 291482 133458 174504 138010 210472 219655 74289 98442 54866 106443 53085
114940 178336 256401 66246 134763 70570 33436 262994 170733 133194 111715 138642 177979 48185 161426 187155 196646 173882 309091 52253 218460 140433 105037 231320 124434 152656 49464 55728 99740 108951 169036 67842 74353 180728 112529 73553
131798 31843 145551 64991 319199 69486 161748 231315 223243 75701 208343 148038 133097 85950 172927 97248 73675 55354 195621 19135 227852 118132 228817 182751 67274 106927 62193 39140 228493 149549 122220 79217 226002 166245 272682 190315
105670 70254 132061 101686 118039 99956 104227 285967 187082 211999 166080 192678 111785 271668 78301 120172 96096 104938 134990 127498 91809 212078 140728 97153 157029 156942 184312 258572 37693 153710 101221 178543 208260 186321 146052 134556
70881 140891 68977 109502 152212 227696 219123 244341 153501 235636 321312 244527 92958 94743 128693 121685 98468 437417 242364 165285 171905 130474 218047 226011 81677 184488 217241 73412 207023 122518 180728 163938 315095 222337 94654 30821
91013 142417 108730 103043 90810 178969 326358 194267 261996 75074 149800 50607 69045 39390 178701 284574 201524 515946 534328 183651 325755 94798 147616 118903 33464 130303 184052 153940 197687 135753 199286 100731 103567 169857 8663 92553
109184 149570 308221 115512 244902 176460 227351 274016 382685 41051 145921 163337 230385 218510 129063 178263 481454 728637 1144134 241091 364239 126948 230068 58699 166043 21485 211940 231557 191052 36718 188708 140029 81022 279684 325074 153158
190409 191160 156638 150119 199514 71803 345465 285316 77169 124025 247821 95354 34747 113552 154898 496688 873022 866371 1702969 378030 267941 227252 169500 251965 151140 254055 195209 119437 81213 276980 213275 163928 194131 136904 192022 173435
111463 125699 134949 252522 143987 190406 250079 226340 170130 239299 162499 198239 136199 204202 329899 640451 1539879 1634063 2716365 761014 632042 66365 198448 121750 221685 215941 188156 38965 155209 17529 234079 195565 51410 210736 239925 72572
75022 194772 229320 261762 148148 35874 144209 141415 393127 547472 223395 146708 192156 268376 459183 1165696 2449581 2487729 5036559 1046999 705974 193888 157205 269208 268338 263706 365930 69281 307924 334770 100247 191199 384020 202094 275760 217083
258527 191458 294671 90909 477319 263135 481355 677887 709936 461818 271977 354841 145315 451224 772681 1827337 3871404 3281667 7347211 2143144 944033 206467 244671 163468 263337 280775 473169 155223 119491 146019 258060 172814 329625 87339 466466 177727
476690 284815 25689 231606 699851 280574 481876 807927 328439 628474 308772 567834 260224 629696 819909 2681899 6078752 4285375 10419069 3323344 1414794 412947 257827 435244 536406 150214 171183 484805 87889 162175 288953 224700 627123 333556 523629 174413
561299 599778 54289 377180 918057 224714 815802 388425 311978 823847 548454 576027 178455 903912 1424879 3991428 8398317 5755372 14017248 4462303 1753302 695779 452532 464378 667628 152205 784681 208780 61060 195815 239929 89379 756943 282851 539990 420657
488572 740487 73707 169630 1175117 380951 459112 434745 495146 1266204 691696 876236 146096 850172 1579330 5134521 11138867 7115198 18176479 6488295 2069114 798368 717122 473742 798133 302184 739160 479263 398229 219693 409438 137611 701387 353531 628874 387137
517912 737674 301016 598247 1574214 655272 554263 1549054 1168799 1830571 852332 1086438 447588 957278 1894176 6912570 13885610 9351060 23384187 8313899 2880835 1153298 946114 865544 1002833 526065 842257 766142 684712 239467 166272 169001 849081 620502 684249 639354
853012 1215883 526206 886108 2003476 761276 1235920 2290985 1259523 2207155 955746 1369980 380241 1304696 2525833 9020566 15995537 12378616 28615026 10382288 3101408 951372 1193663 1084603 1151392 580122 889929 1674843 515122 278374 479130 404725 845443 891642 844643 654963
712821 1240786 439073 805872 2384084 875663 1683781 1831708 585290 2429206 696425 1394310 378760 1513488 3231454 11540571 17496508 17456684 34161754 13150788 3676145 907076 1494707 922614 1246813 437958 502135 1689956 432443 257391 471313 458414 984186 988512 754679 552841
1306838 1114008 899856 506746 2437002 1437528 1316123 647551 1256603 2668784 719218 1752463 569208 2136857 3757022 14192600 20536131 23307832 37866208 15429992 3937047 1138285 1443237 901462 872920 865828 873395 778729 882225 436015 436212 399945 1142232 766840 909752 614165
1276593 1417340 1322080 532010 2228950 1687153 388517 2930350 2063070 2620905 1022075 2166331 1102350 3620334 4971770 18151736 26166355 24938629 39938891 17280055 4153340 1576977 1178317 1145772 1194179 1035716 1210163 2100791 2286243 392364 384859 576043 1523049 647688 947953 736284
1118986 1536441 1390780 239968 2264292 1246211 2051347 4922939 2153751 2266319 1103650 2904574 1352040 4798029 6420836 23057678 30853472 20222476 41874423 18738439 4261698 1451105 1141862 1436324 1112638 1038134 2032569 4784682 2855260 1060064 264798 822815 1682051 567937 1232084 902874
1201559 1975096 1227540 272059 2498679 785655 3677478 4301838 1607309 2174540 1040856 2870060 1490808 5608669 7386874 27795772 33629860 15055304 42760513 19940507 4181497 1967910 1310388 1347487 1319967 977240 2371383 4123960 1065396 445003 644144 1026927 1732229 559387 1322022 476963
1133168 1956307 1036021 226805 2764683 694000 3333804 2855378 110933 2377285 877868 3104409 1249809 5325141 7159731 30447688 34147248 12111908 43542038 21327269 4155051 2617468 1309582 1326758 1961045 1072934 2260596 1688135 1630001 471338 476037 779625 1959562 316522 1727570 769534
1182663 1957326 794681 425896 2708466 1281593 1969008 759381 1593933 2793727 525798 2830544 1050780 4584110 6745811 29843145 33214917 10707825 43444223 23681853 3796324 3468206 1118825 1367764 2440528 690521 2961579 716149 2146822 419219 599598 710078 1735951 303885 1564965 253118
1192443 1801389 512869 524930 2522137 1365594 547682 1662446 1843662 2346859 442733 2576318 830895 4175689 6491315 27788733 32462391 8765437 41600782 25633599 3063719 3861635 1126778 1378653 2405454 212379 1400407 1347370 884002 225199 782294 748862 1465641 354430 1324555 354337
1012134 1511998 448423 619314 2074131 961049 950721 2045204 1454543 1858879 230927 2363668 364092 3557285 5897214 25659708 32136592 7029764 38328391 26242144 2930885 3851954 1145889 988963 1888844 991663 381297 1447936 567211 424975 630241 375402 1135556 168562 1180527 427157
1031574 1431428 571590 429512 2128400 709870 1096083 1617988 824031 1503639 360470 2129120 256812 2977550 5145900 23862021 30914917 6822966 34258636 25830091 2926149 3588061 752948 637637 1640570 981701 932607 220199 914744 210191 506731 197111 1110588 218197 1135364 504806
834323 1199765 657664 450517 1807639 1051649 507337 474909 1327320 1593203 401773 1579435 546757 2472144 4176742 21589213 28707970 7239279 29943554 24586261 2454228 2877891 582986 387245 1511315 554100 760509 729195 434952 226099 517307 231795 841440 418770 1079824 412507
672138 928399 558146 433914 1728015 1213262 293900 586143 1598616 1504128 150836 1268876 361312 1708161 3484506 18776795 25958724 7153668 25832214 22565287 2074995 2665284 701178 377308 1307369 326318 510599 787026 43895 222924 876629 497175 652017 129652 741183 396291
393054 648623 417773 556989 1442727 671963 326050 1121749 901771 1001669 241206 1166018 384528 1470645 2561803 15987412 23145589 6366977 21224619 19995967 2026843 2746300 715707 441468 1307271 525163 487015 403439 527761 437845 834083 585413 654555 113129 775678 370729
434172 942537 169452 683132 1215411 295989 430684 990826 503063 850137 378679 1016576 299169 1134673 1902536 13081290 19693443 5381868 17024287 16400772 2107448 2259515 487499 339683 1128370 13885 493396 502947 549349 384949 577957 290011 655675 205021 714409 584291
277961 820971 155108 478081 1166402 573876 268841 353814 591486 801672 421644 973414 470664 964989 1184251 9951525 15217552 4842692 13248657 13183866 2133964 1903533 291109 353939 1074261 211661 260570 720722 218929 532304 518819 384558 481096 302130 851721 440551
299675 672495 157063 518119 718024 283069 503257 163199 600365 596413 329573 334732 660365 713816 831779 7094838 11449803 4038714 9664377 9988658 1355028 1332049 76278 333110 604746 307527 297784 683077 167917 225712 507125 238165 388739 233297 538760 394097
330653 451251 140786 247855 490887 347294 283632 481501 348119 355012 556780 244952 325928 257984 700500 5272371 7980315 3083698 6577231 7055242 1163048 864995 183539 140115 455958 386723 265995 168233 355068 245848 335441 220309 348267 89635 269740 360710
161794 328310 261500 223021 315562 70415 291484 790035 251808 372136 346131 328987 211496 285418 510922 3552080 5489885 2253000 4463841 4812316 808574 699585 97061 168424 135339 235415 385681 308619 280492 372328 468687 165414 288989 159260 162934 207960
142362 192906 205658 328694 353598 366219 204346 358759 216386 260444 260852 68022 231661 270947 460502 2483934 3495308 2121289 2949159 3036511 566800 165465 132892 154802 90161 203920 105934 362164 268802 89985 443267 41304 272127 105219 108852 84475
69101 19365 150437 157044 158356 38204 141767 365522 328937 276004 229387 54113 321288 30697 297669 1561868 2170232 1519245 1860727 1723271 643522 241109 151464 74720 103897 110518 61718 394979 114942 204293 228879 113528 226105 157964 92650 38671
104539 182756 259446 5886 91342 109551 273974 282983 347788 262690 152229 147897 107516 153304 445571 1365883 1335928 1068695 1424460 1202151 349440 151660 45386 261639 84916 137782 76068 196020 174992 89558 141605 26383 327515 79817 75477 197940
93473 52807 112845 146323 71472 141728 289630 302394 89181 249428 53730 108594 210075 66384 315992 845652 924986 278166 953808 1037924 337713 74639 203103 40661 287730 160778 50005 47379 7296 93117 7943 157223 107129 88470 71893 74956
186798 142298 184572 31169 210951 241031 132051 357696 22509 251716 143935 90660 34878 48029 261932 285475 712565 426866 794042 535977 291757 147934 71153 148651 122396 40114 111726 89334 52658 124091 70933 86639 102728 110810 219784 31162
277334 125727 72202 135012 46024 188987 287939 211766 49965 70399 123312 152322 274289 216491 127123 587215 567292 367410 667088 548900 65850 223182 229796 59602 65685 109964 137209 223571 179771 236729 217472 13534 79977 132081 52320 145682
112412 62891 67915 188324 106538 44748 55605 297887 147079 89914 159027 47794 91527 108476 100141 215848 586849 254191 293928 272925 80381 83625 142044 154340 320021 146824 242222 184748 61607 38105 112677 98890 105524 116593 166628 148339
29425 191231 137780 220979 162000 95534 104191 40134 118457 172783 111343 181126 75304 178410 78298 87458 464007 288005 129566 147544 126241 146745 143273 155367 209778 278913 141160 58726 109097 178541 63222 222869 146434 108856 74394 233310
193816 64654 59467 283797 153754 206580 157611 168173 98582 110094 47844 234650 209880 118518 88374 264598 241910 152698 105902 82635 60210 126622 7525 78834 65613 268875 286389 141024 154392 258509 229836 97172 133859 95961 160740 254112
171101 293627 87114 37707 88865 174244 213894 187409 230906 49032 130181 143842 84070 208634 105579 17673 374199 353782 283060 191266 68721 97108 84024 164932 203769 151107 210388 258445 249503 60131 126773 38238 189047 23087 228521 82446
119114 64349 50831 68197 118570 259221 73333 331868 69404 200407 27143 36913 146205 173862 70583 64566 234610 99262 55933 128402 187174 128355 108922 207419 144631 299977 157734 74337 106490 247832 129262 220847 221949 325809 31337 147611
164773 66133 55958 176944 196725 32642 146607 217008 202237 76084 228222 271687 239704 86141 114112 191177 275446 126058 285024 100918 196564 157027 185194 32092 93633 223465 147847 204286 181006 65835 136285 169681 88039 40774 176486 122652
35798 212844 228446 180017 100635 97553 148054 174751 26404 28128 183647 70130 141045 87357 142868 44690 233946 307424 96552 220783 86492 145337 104224 189744 341283 208903 127372 121082 118085 148855 127775 174777 130796 73237 87333 37814
196651 89304 228352 122940 93994 148704 64812 133226 81207 22164 160029 160631 120324 107656 190327 60359 138692 110355 214094 130421 182263 191469 67065 29447 94976 145255 198982 202251 62562 163874 138897 134201 236168 99674 109201 16170
94222 13620 49721 124481 168559 77936 66916 236768 140750 299279 54734 113591 57176 176965 85041 41280 165050 46676 169313 136543 106174 187740 96180 119590 126363 81252 202965 100594 68276 157380 112719 44911 149671 206192 241236 174547
167487 133345 130841 191444 110680 151655 165683 122701 76719 76342 178918 38341 231329 114203 330114 56861 128191 95435 87505 126195 141384 372319 22588 81113 140220 52434 192346 206699 147730 200279 154409 115525 66865 284819 141761 74258
203510 103602 127158 277862 102156 192398 75303 258537 99590 35350 123258 81172 88449 62689 109066 79065 198843 102338 81915 116293 85563 232855 185805 214832 103708 64366 185984 116719 35961 147557 126367 133330 110642 220152 134931 307973
47381 203325 67457 62299 196547 49298 118054 210467 219622 58878 103725 96594 177424 162563 188268 66752 94119 204690 52466 129379 228897 121693 85302 76655 191241 84563 129750 138962 313873 206943 133427 185384 178429 60932 167933 57733
29349 185721 85611 180011 69621 159225 183655 112399 78661 87797 152265 103876 149341 105576 117990 240165 58134 220612 181133 47606 20751 85721 50769 48331 169419 148502 103615 99056 99790 172446 188437 76613 164492 284176 163786 137363
76252 67921 151819 103253 75626 71149 80124 244556 193466 52804 129524 194678 33233 296022 136119 89142 62630 247406 172154 165933 123062 69398 91910 103286 38919 166465 71328 146598 16341 176403 164966 160547 82375 145013 57836 148497
146902 75079 83828 411925 136147 147773 65272 125273 130914 86831 50449 175650 151647 280804 149657 23119 91575 118159 47701 59971 86044 246340 85501 93269 110087 53782 117774 117020 183091 201328 111586 61224 66553 67476 185025 155271
138198 90539 127273 206789 227291 97810 34886 106141 91586 12950 143444 178085 97655 80092 89296 313921 27537 121457 157901 209881 98852 261558 119853 46833 136054 111031 93937 111415 90168 257940 211017 196457 157933 187100 127936 187372
177635 110066 85250 111324 15154 79484 141825 139460 182546 229041 129659 123536 113538 109008 146257 143375 98220 69075 159285 169239 64984 57704 208882 53214 62864 122289 154413 189740 174287 238019 222937 31310 115276 143308 68088 26518
122583 273775 63501 128479 216566 164982 51401 61346 156736 172813 106774 114880 157774 29858 30530 94614 109545 153001 327038 179406 105950 9303 85165 230202 58818 250766 76933 43917 48580 202646 77842 253686 123549 325844 234547 129148
111378 168992 32254 27139 213143 98204 109529 236711 195848 95426 123850 128319 90551 164190 83935 152437 71745 143523 125313 131498 77200 202926 197206 94335 97133 48502 220991 188472 115021 176151 75423 28335 118567 35360 121848 96604
8114 30652 63115 188432 112327 109313 134227 136296 202915 206636 178040 267454 79443 241962 105415 160372 125661 75359 60677 246962 249796 66214 134352 155238 102800 16350 326881 264293 104472 38422 125532 208640 166390 249642 186235 264949
142784 76668 56965 160413 19590 105279 221445 168834 181483 168780 147693 73531 187785 45380 129228 186296 220195 296262 108292 28991 137756 219688 106374 43034 132652 35717 167100 161524 179263 93066 156421 113057 143884 67052 74660 111893
86949 181234 223323 137558 177418 286182 260894 230011 114985 232642 104180 116248 52645 373683 100245 73903 128672 80773 340000 82948 73766 227392 126778 174038 232496 63692 283766 85302 113478 4882 21606 116091 90044 138198 275788 211851
118796 144359 78215 64888 200103 67533 71566 268081 212422 161172 82850 398524 178264 93528 55612 138035 21151 200065 187448 334326 157228 93542 113620 74377 119746 81717 94873 204506 213973 247335 50721 71881 188238 223398 109105 68381
133914 97071 124255 181043 74468 123609 156808 234798 129894 102422 154955 155603 131842 191066 100104 63420 93295 134039 175004 204918 162507 180840 76741 77494 116540 117176 64907 165714 87411 223245 208528 37690 165941 98969 114533 58192
66983 173313 277024 98938 35827 134257 130815 247168 103351 139694 256807 252275 182668 233914 191408 180192 161320 148644 76938 116821 72720 82747 96777 115314 153807 93783 150634 41783 151668 185225 83872 96455 161111 130082 44240 97466
130869 53965 110444 219387 151646 160807 111200 127997 162539 125708 60061 136684 100196 96865 97843 159542 198922 43460 111870 100246 165051 134131 69545 165039 244417 16700 78712 221565 47250 38780 177849 237599 183351 11636 164271 115016
16633 187191 168374 164080 59334 200913 105339 203863 224509 181275 110513 162794 217258 207865 198216 142933 70668 123431 60736 63855 114045 148010 209112 121016 96165 103878 101717 82086 12589 73355 157791 150066 133168 295798 84228 57070
184961 103739 114939 53957 77130 137801 135205 105975 110369 176423 150042 40612 145126 187879 117486 235277 185349 253774 112445 141930 160855 89226 115838 157477 200786 127250 269484 30181 178197 122778 40601 117464 306188 65444 129575 140258
42566 132737 131833 117710 196808 232807 48367 129164 151805 154166 332735 144972 332963 260292 104058 255776 88833 175194 145572 35678 225577 120853 145715 62721 75672 167518 177145 147903 138749 78589 232362 168396 125627 140823 160782 197374
271729 184404 190829 227983 4484 119755 95116 196432 158551 87381 186613 146071 226785 72765 49194 75072 52678 146838 163161 55872 244855 208562 142596 235158 133302 138395 39602 102600 163053 202542 129551 213297 83351 133940 45648 83481
141031 188642 132855 41512 173575 159865 280630 333159 90166 284777 192282 78398 58738 235939 13297 82076 228951 98232 138786 106263 177848 73068 158986 94303 33120 147196 96772 91619 121026 41493 124859 153704 225490 72837 196225 72668
160141 211853 166429 119358 112973 54200 55891 274622 114763 71627 152497 213865 93103 193424 138060 80663 131594 138964 210649 135820 72249 236828 225326 108670 152342 115258 52814 299312 75055 96038 92718 107364 25471 83902 269724 88965
114383 72988 115856 176788 159133 253835 31893 470963 69887 80767 197504 230577 97487 163686 142452 236251 4374 87458 34820 86052 137784 205705 56789 222356 25392 65162 110327 121792 150602 118617 95848 278726 225652 142791 156446 221004
62214 55119 129464 256631 188661 206523 92155 105999 214671 182849 225511 163534 243246 80697 92395 300313 74711 178508 177087 134137 177936 83972 82827 37450 120699 212695 214115 59890 35262 101312 81258 140526 327822 167385 146907 78586
161982 109118 161406 290644 154728 79959 306409 107138 72903 262957 171047 138303 52013 34595 15781 209983 13873 133428 175523 177149 68834 71473 160729 81111 111226 198666 93852 187924 188447 74965 44168 93723 124934 144941 48590 76065
110495 60909 82351 23030 136845 196711 60504 85724 33668 126465 207919 199637 143687 78886 88094 109185 154266 56784 87039 202119 98661 69127 246312 56902 186246 123180 159868 28903 182423 145720 70961 124071 36401 124974 82148 159131
216777 276987 86551 299187 23995 281380 193633 17559 56484 250998 355961 191684 175272 136093 89527 128558 74653 267041 144489 73880 165408 116852 180073 310998 205486 168764 251755 97808 38951 31934 227964 201221 48299 32260 86356 126461
52275 74790 70566 190590 200967 71353 23642 67182 283514 64592 167417 93601 183833 91381 112309 172654 51463 100225 200873 76788 68287 114595 188629 63477 146575 74391 242168 134789 171358 107555 251734 109242 129074 108618 155515 196576
150896 86156 360136 205911 61235 66380 106703 62327 127061 89715 47021 300927 243286 113541 52277 109601 197181 35407 83571 186526 62582 107537 225510 114690 272762 103288 155048 155016 104820 142475 35528 51969 81689 193949 100665 200282
131996 351559 71159 199699 79488 184383 227179 206808 128140 66184 195990 164199 96511 221351 174543 64944 154355 72280 205561 121854 198107 146149 179956 108569 87305 129576 220178 89197 161149 158351 105990 100328 61430 134187 80540 66065
169158 82346 121270 48453 178595 161732 172774 205716 174753 93575 108351 153263 199321 132127 163168 42211 95307 162313 116271 173012 112677 166753 213965 164804 166333 70080 50026 90723 210144 226472 60403 37763 186168 176050 266744 200114
84160 75710 112129 63515 54942 120970 272535 148579 169709 130104 59985 259121 97992 317979 91973 148632 50901 312210 87151 171446 28128 82680 93038 204508 89633 235145 32505 170326 226118 255860 225518 79296 149975 116347 48309 160827
88904 75732 161571 175498 176175 194975 162068 178557 313938 101330 135634 231553 54928 259925 35651 50956 35145 136467 74225 142467 47187 47401 247285 148807 260247 118149 65864 28062 55894 115936 190146 64347 175927 64177 86964 210123
7139 156636 162648 99957 52102 261309 25172 183646 309384 273021 89635 179528 80489 60549 177166 120066 147696 227135 100898 154009 137348 436277 120505 134360 221141 59928 160200 149810 114764 204887 146813 129918 92834 82807 93277 56308
191787 192906 238053 186428 231137 239637 74939 141704 263768 108106 227041 134058 164541 219450 79933 73496 142909 148396 69179 263491 180401 30789 132699 36963 260702 289422 33686 246748 123306 82154 128195 229796 118819 50507 97034 212703
111521 154576 173275 167303 127719 214489 168302 71345 87030 96094 102566 168157 182442 140901 304570 4269 137398 81983 24231 270583 233817 172120 202636 109525 360965 151573 96055 111276 304143 34526 110382 39647 97935 161334 152785 206244
57040 50371 46531 236341 202474 132214 79893 52339 288838 423714 174348 75334 107420 102474 281082 156449 143838 196972 64766 25209 66935 45888 114690 77588 74544 84103 184215 97815 225998 193087 119297 204959 124815 82809 5732 57267
255339 196158 169424 122080 154050 90995 101618 104645 91161 255894 87106 152857 153981 156397 84402 81169 65579 143544 118762 132460 141841 76196 151896 253733 209770 57624 98038 167734 263448 165004 161070 197114 65951 141241 147078 252327
112118 226440 248878 136352 153412 23553 133240 92373 98555 60544 56062 243322 156354 125439 196921 35947 243102 104957 142787 161593 169629 243886 153525 106649 92898 199843 158376 10179 163333 19919 327257 169953 127649 118447 86485 20564
84771 103391 68085 160983 235167 118091 202857 146812 68228 17860 63529 115109 151434 209477 142776 59341 193194 7514 182625 25040 100939 136050 142021 17258 355172 210216 83164 49751 49678 175978 163338 171087 133734 174086 137284 160064
110486 245892 129852 166621 51761 126719 120647 296121 75657 52080 107196 128174 85854 131947 123835 118072 104530 209254 118887 135454 241733 47058 267387 51144 73883 163454 117189 129819 63260 278980 195124 100522 195094 138522 44475 17053
87005 159166 98333 262240 151278 51842 152389 26556 5901 124285 175776 270944 269435 193602 239680 218140 88778 113487 76037 18799 159923 86312 79084 334209 186736 185442 65003 144896 94110 120290 185034 105552 34168 218218 27130 90436
138734 148947 18694 90878 200364 239788 159188 302015 125569 209506 39264 241627 138887 157245 139590 165430 208144 152555 57031 62913 239310 48754 216827 117059 305232 256856 66814 119878 106808 59319 50986 60052 228987 75364 255472 174373
74595 68755 68886 121445 308341 172498 45185 383396 176909 105215 112688 121167 219214 104099 124028 279967 202185 95129 55939 96052 169194 52547 101764 26965 116391 100792 87985 49575 236118 277653 71484 11657 37498 192653 160893 87000
286854 63871 197111 199097 73493 125590 68768 102712 173337 89301 49514 217360 146165 121480 188912 86456 77536 47665 153386 74435 140568 100109 170056 160722 186305 276254 47510 113714 56191 215524 54210 157619 201639 329419 90655 17979
152141 227426 180112 112119 52939 89343 195381 43406 103345 148772 157301 168862 34574 238762 205040 161315 131880 217670 198694 126569 75443 70279 40466 281202 289324 131736 189774 167219 45106 58301 302788 223631 187393 217185 184117 236580
146376 188128 78649 127984 36074 102640 74800 186077 197527 3319 129584 167286 79767 266801 101175 182076 211610 188334 115702 110881 180395 56535 191388 72713 58840 106343 163311 63715 136036 63533 67188 202786 92156 311200 156221 91820
202094 82586 64116 122552 241473 185249 163801 224460 121000 85838 46610 165965 133740 147819 53006 172602 112374 201224 196150 140853 185271 145568 159085 186589 140245 83652 55432 218955 77353 187954 138598 49362 246559 133247 196783 195892
138797 234012 175664 196621 199024 195178 205402 59611 150708 62441 164545 58703 105297 74464 189989 90006 99381 136889 233933 111504 154342 293802 150089 65058 256869 138046 272606 72589 164767 203508 57409 38066 175339 40685 166513 51363
209029 117076 18972 169848 106983 328715 128828 109683 40931 219729 145112 115121 124199 61271 78197 61338 232793 157373 155182 47127 103489 191854 209800 202205 132035 137236 170177 290790 54922 65169 228795 111179 127088 166238 133356 227873
122346 207518 77612 234458 295034 76646 75340 77018 92925 117151 42178 210205 152280 49165 120968 364127 71385 115866 157712 143549 260552 16764 167415 401606 244503 184165 236467 130390 118913 130202 99961 277707 198464 104624 240597 96737
152261 28031 309599 55957 123454 144610 75347 9882 175435 105167 288367 110210 117239 75988 302520 375685 346504 168351 156061 104848 122558 189623 141256 12292 234888 102336 150819 97925 154625 96619 114323 136846 180883 124699 55010 125113
100048 89623 125236 42152 104837 20762 95379 87458 183245 33051 94727 316700 39375 237944 110155 363451 352432 77016 68975 174026 185998 60756 104986 273144 158669 158817 153277 214254 178430 130440 195865 193329 188963 145150 218640 81075
46702 152289 328680 285100 221346 183131 105828 241653 240536 243307 92444 43480 204740 309622 126507 154343 143955 102337 63339 208656 168965 182009 113614 148119 211120 238764 89149 240935 74161 197834 207466 264832 127201 232402 216157 235096
236572 167127 136176 195157 184729 106717 69967 193073 124621 77590 255953 112344 124498 202234 91004 127451 180778 354451 105173 166930 167764 285096 257776 182531 109932 313077 169905 253603 146134 220524 242465 111342 178973 146256 74520 230085
155342 111486 151677 214035 243638 356250 63862 425368 117740 268965 126725 50084 106687 225452 213440 153187 152407 149522 43540 136848 64684 168002 243837 145800 94299 169323 103836 180385 263697 249044 60455 259015 126353 239968 71371 142905
391763 280072 115720 187871 501450 208034 207342 103601 99995 236972 141605 218202 217975 96992 183912 402952 111358 119894 35195 170085 121057 254026 325336 136167 140171 172655 258769 135514 238388 307963 16619 151255 310650 193589 123549 106108
167970 197869 215468 138178 264856 359420 387443 192150 134127 195971 208270 103266 128721 149979 69009 156740 321726 77062 355137 292324 372782 168200 534191 185079 209540 49523 234522 207980 154489 186961 394229 47836 177979 183195 92642 103394
473355 174828 166574 317312 309403 160612 71155 230798 59722 345228 277201 220890 447988 513955 343645 330284 457068 195473 200412 381654 280186 132865 475951 271086 57413 398799 337065 130702 362683 355076 200880 376889 374916 67581 173118 87865
209397 288806 435527 576576 283003 575990 379563 355866 220275 388026 379476 71383 511018 674796 664432 442995 586625 506169 101047 338164 301288 30405 162759 442906 249423 245965 49448 158676 238131 268490 281961 400156 477128 341329 278477 188058
158759 398246 383371 137082 315466 251257 337692 237940 742612 345184 430248 135830 733198 561186 392699 434813 146482 292818 157984 164981 237441 255635 342101 314980 128518 284329 224291 53079 161747 81860 292677 219993 199979 172100 123172 169860
316821 36604 183625 328755 128038 563520 111475 263160 592945 317013 160562 254158 263924 204254 182609 39808 161351 379537 90219 235395 122136 305056 481419 302081 83237 242121 348783 92339 19536 217646 175990 116958 58248 59012 148486 189909
110269 266466 225061 113240 99407 156758 174844 306369 346533 402057 276425 452369 25241 302154 191208 160005 388327 166425 189878 58116 331936 317343 113379 215088 297848 186027 313939 106207 210127 237871 74818 184388 167849 151126 265371 220674
220112 161886 247192 27486 97784 120504 141378 183543 140141 321982 95681 113711 73144 299858 472393 338291 265106 346571 365574 352648 99313 245110 38883 85633 230809 130297 279814 121409 192177 229002 240312 257314 202900 165752 199763 230798
72405 71399 62519 100843 280074 101776 83305 224140 221338 128682 206486 167040 327765 338333 150748 182527 449557 361834 109953 176454 229968 306046 328449 183510 202294 117623 90089 302748 224333 236876 11150 211987 49315 90710 65461 151778
69363 184065 71707 146068 245818 170389 161688 157853 279973 87808 327434 365563 119789 86378 274476 391159 422792 323749 61619 131084 62789 105339 128212 250156 298453 114445 269233 195402 278915 169504 225562 80163 150648 41155 185993 221789
81021 103731 217642 232367 265119 140532 228696 313410 213610 119545 34864 44343 189750 180153 176922 238784 293365 181383 64250 126030 86212 142790 122623 142924 95248 116896 120786 297300 119035 105719 37782 62051 68567 143847 258631 158277
96845 147182 203446 113135 102338 176464 72633 135862 325714 166012 165948 132777 204494 223531 202947 79265 222425 152401 79781 116324 97679 223043 185032 141255 123149 234422 107479 61569 37568 182892 159226 13836 36192 50476 109103 79647
143822 65297 119235 79576 207734 35033 54628 95624 249332 194607 159735 31523 147764 185067 161678 94877 294267 49682 171465 145227 181842 190887 94691 216186 233701 138116 204890 81005 115726 22386 107217 54718 120216 285692 129143 166537
187719 215744 166576 212481 92262 138373 204387 158141 287670 47628 92563 21095 110746 333536 84665 322507 84540 160501 173199 152262 197500 178324 114373 205614 41490 85853 217808 13554 91694 95857 137377 133038 175073 188191 189427 42727
109146 98531 22001 227575 10974 132910 272112 136745 129030 69371 78990 76683 216748 204561 69993 109175 139250 166903 95852 90877 57705 132168 161029 127000 138527 22658 183358 60415 64658 85996 165921 62317 102771 140424 153738 86264
74624 36252 113001 80321 15992 88846 164697 186628 74495 87027 227909 58801 144562 152563 109862 201331 118022 208349 147276 105502 162578 62667 221710 135527 227195 125035 172799 41520 99545 118591 243642 119459 50815 272163 157999 228144
157196 78110 92644 99835 136034 104321 99540 113726 212114 118528 22580 216515 63735 233952 159865 110225 105593 212744 48042 217837 210455 78401 93910 41216 168461 49518 63698 33097 129490 147873 85323 221187 143270 201736 139883 163569
194583 76416 90024 263067 136483 63680 109228 121069 211031 62723 122125 108247 268772 228006 80511 64618 35238 94856 177070 176171 117593 22121 246261 202100 44625 148747 236329 43846 43390 107043 165823 44779 55822 37434 279621 153907
89355 246378 132652 279084 314760 104596 61348 226965 98237 141562 212718 44855 59706 160499 207756 94910 240427 231470 190192 158338 60579 103608 167455 48840 18182 108414 134646 124881 215650 30844 56190 84178 86816 163043 231129 203635
172772 144563 101683 34057 77704 28024 47898 125771 116132 219207 62331 101779 15869 140654 171949 172654 113631 105480 89234 40761 228524 141702 253775 218729 95804 92124 82424 60627 203244 46702 246736 75274 170486 202918 191049 256233
57834 83128 39445 74980 95530 100798 145047 56514 109016 146407 197369 138932 171495 76449 97985 131039 77582 176166 280263 83863 151712 67452 160452 61720 201865 138069 165644 238461 188254 67717 44416 130737 195901 155485 250773 55894
21615 141826 169026 183273 222498 173580 189920 110254 127944 106667 60667 104667 228983 118369 167687 160208 165063 178897 262660 79152 205074 166520 98574 142921 32596 10798 161876 34301 157383 379420 233965 419403 110115 183618 161459 33543
209156 246837 115794 58853 256721 133005 142212 63463 109744 78797 158314 166883 44227 114786 174222 159937 90812 35954 49019 160501 108038 118533 82897 13024 147495 345144 116931 105955 169673 112644 137819 63514 61602 74638 63989 127052
37218 85677 148843 56534 176579 199773 16667 141373 299051 180613 30168 12021 99405 24682 155383 141294 67029 10830 135611 121366 121073 103014 40192 112909 110042 198014 71903 278049 141018 111891 52469 43319 98515 150597 93276 134707
64902 191681 28343 154256 214636 210968 92351 301844 266598 116256 96104 170822 36512 157559 94790 117882 246561 124713 135608 127670 256054 43601 132348 165832 164211 122100 147713 122030 191554 128327 144534 72001 92774 87812 200838 98055
143316 155582 300410 34838 12315 26766 148045 172039 53178 53458 158526 199226 194068 136140 228090 161759 351550 136945 145743 140161 33328 219830 19654 175196 125615 94000 71414 82881 51104 134941 63977 186217 36118 126964 128870 145302
199972 244122 163793 50013 86182 87960 202562 165200 41492 127001 37491 123500 194696 236765 149173 133985 307764 90948 113519 35142 71100 133966 184932 112371 120743 116190 58823 58802 228805 106772 183738 191253 141634 112259 88652 234224
151405 74956 88217 27885 156461 136874 264382 144083 113699 93249 51035 158973 178486 214519 268217 177162 232750 250206 38729 82309 86110 55148 214841 256665 129914 313484 237098 251025 65128 42627 95486 92630 133023 60571 174917 137039
217275 115347 131097 90149 138980 166011 140174 267527 118217 76482 250414 153978 44733 82562 70712 147526 74419 181271 138007 244630 142693 65088 89512 123696 180663 302661 221565 134429 102261 102388 216470 123900 97701 184042 111689 100761
124570 40290 65622 123262 26382 32563 43776 116523 191236 106297 106893 161807 144702 184534 217583 97571 84866 45866 61833 59841 230725 184587 258965 31486 91123 160487 118340 111366 19969 200687 66498 71916 44883 76535 81758 87736
115972 93789 191281 137804 105040 68957 94176 235848 114773 158124 88639 141255 31821 148072 69925 205260 61725 137391 249860 134458 70758 219666 79229 56540 210751 79031 201197 146606 185361 181210 85591 58774 88907 212320 68339 38083
84518 186676 50987 152727 91359 50428 170488 331726 245069 229337 110544 104262 43252 45081 169290 117747 244854 115826 193660 254562 78403 255896 213184 69689 153369 166457 26460 95695 166333 77187 108972 125194 108103 122430 26464 310345
225031 5709 209177 92212 92770 91688 129264 149802 69413 61122 118966 37636 211725 142052 74525 68203 137511 168676 148525 181346 109717 121365 190060 83894 265847 140690 49530 112455 84242 344186 110026 241719 142420 172786 262727 195357
203366 96772 131209 256663 132323 91524 64483 222877 113101 28934 151839 144586 23325 115311 176314 69115 65297 182784 117495 6450 224596 103329 24382 86438 157261 19125 286763 64031 132835 110984 134097 52209 101549 180494 315511 138379
86083 86998 122102 114379 120474 196394 171212 46096 89986 246899 187103 184046 165704 94217 26092 43624 128599 181980 141005 55348 216121 48874 114599 144699 136900 133376 109976 139722 115404 119724 192028 205140 153205 41326 136578 90427
120260 180806 104939 11644 105454 60908 105847 35643 12354 39614 91724 10482 62763 64200 138090 195145 329888 133096 48587 182794 34180 133321 122898 16482 190996 105040 39655 45137 82702 129641 17645 60088 205091 121098 244946 8358
141404 184961 171531 131010 120146 110563 167424 180556 197360 163299 121161 127828 59740 240006 112184 218692 73801 265938 172197 87645 88142 91636 157149 176623 264521 93096 14159 55579 164941 76911 93121 137226 148992 130820 125800 137421
84450 86883 99904 100558 164610 153852 44937 52884 78551 23522 176426 35333 217821 109256 152023 172044 131251 177068 58518 61867 143491 137323 130599 59887 142236 91834 144895 142929 69286 117351 72867 244579 78172 185131 221045 147847
113177 192837 46142 157925 252854 113166 167293 63685 99833 94063 71609 152006 217950 69569 192241 119755 140806 173845 120666 184561 106561 162826 46520 99034 40762 172762 126899 33566 127297 122265 85542 113840 48223 45622 82154 162409
237592 248978 36034 285841 23526 152863 134592 105128 142708 30445 171474 141891 78732 117617 158266 174268 109719 116376 194300 148582 78325 161180 97541 93077 148033 35321 124752 133705 138067 125813 136101 204223 195317 38922 205066 131152
95291 82467 45657 131787 191767 148853 111294 41877 95707 72481 227873 232131 35214 304515 98186 202948 94566 69290 55711 247779 138314 38188 142802 58665 116737 79031 154537 73052 245312 179771 151974 302293 35961 35633 123702 42471
51896 108989 141535 41223 65232 136830 149006 80463 13495 155490 29990 270630 211453 125745 256063 199134 122474 70181 212062 122421 166769 60387 68014 73140 93811 290188 198564 167037 84817 99058 150439 164203 111987 67244 109866 61148
144767 197139 191319 96456 236999 196661 117384 141145 92347 88965 127675 23418 261355 79784 149337 134485 199929 62602 279615 70388 286641 181658 172060 70137 124308 90259 131452 59369 77318 144161 46802 80421 173101 48427 196594 78210
55651 47009 54771 34668 210945 53178 186804 126737 21148 106797 179411 94291 118231 166475 50100 184328 137775 64978 187078 223491 211054 228735 159786 80521 93387 262913 248369 29250 250679 72610 137776 22504 203695 104166 53756 161372
58511 174822 106568 113769 206199 25367 228737 192838 129303 65809 153034 261453 21246 77711 42109 271502 102602 143002 85186 292148 178647 190761 207815 52521 191548 59199 107812 91468 67115 240025 181992 57342 73228 63368 125072 137420
186885 126945 141520 111461 137933 181145 210301 47434 72460 56849 120447 364957 121431 101938 187449 130821 75538 82952 105773 74437 155627 90448 176166 94499 85837 217362 214690 261111 148595 319749 167043 174621 69935 145569 162777 99249
49576 126721 99208 128627 270797 240374 215843 276676 347261 73968 109933 60486 50625 75855 210384 69456 195674 13832 205901 126315 269658 143628 34558 147611 110162 115990 93398 210417 201129 191212 46738 125363 93684 126439 93038 216895
171522 52285 162005 129048 175003 105468 72056 138696 70988 147219 163988 121780 238370 23254 257274 114754 118772 114655 69424 157507 36652 105970 105541 191428 150481 110648 110694 44083 168990 108905 222228 40407 126177 89984 217017 45441
143926 140612 193190 80533 79058 37201 173125 125086 97887 100194 60350 59102 16853 182250 116360 214563 168414 135855 205159 122115 113026 55457 232039 131762 218790 74402 152781 267951 81158 261465 124452 29968 78526 138456 131078 23576
27510 134475 271113 103523 201047 64267 70973 54337 31481 88322 36672 112499 90571 290823 46129 134495 106620 226426 191642 249537 84725 206209 129738 162128 61182 38615 183678 54722 29870 79921 133209 272034 94002 126800 159794 90377
87732 184199 59468 195050 50066 127362 113353 87916 187982 86656 145979 89320 66517 99547 288645 164078 176963 171765 112468 297269 168225 36922 58119 32906 142876 240476 84781 226176 91603 154720 183550 151548 240446 141931 189485 51580
107697 96292 207597 98155 40453 131931 125895 159744 10678 129980 254456 188031 157279 162335 76706 35028 265478 208209 25752 64221 95540 58944 122475 111922 72359 250384 70055 48010 29637 131652 79190 276049 105870 75380 44127 215954
193988 201977 273304 227573 102041 119989 179797 22312 152817 55392 223355 196142 76221 69377 89173 73530 93138 143319 200560 165799 39230 106828 218537 170221 42957 35148 46738 248531 100760 141223 307568 176185 220350 208947 136065 197875
49208 137504 67976 144232 13496 75444 122055 123933 71836 169168 135595 51619 85433 143789 29306 72920 25361 115075 145959 104479 114931 94997 92011 114332 96932 199126 192247 90062 180721 7656 122598 132288 52902 84086 46749 42614
136123 73577 267409 85295 71412 163056 146357 214833 104628 85298 118884 164735 61119 41994 216265 90224 86144 40060 183325 108104 89188 164089 123696 58546 50590 111937 164470 102013 130825 85309 125420 55576 70676 135085 136456 129636
111545 122371 130243 32144 109806 64676 223271 154103 152498 113707 213134 78388 43748 61075 10165 165931 59263 290351 185455 156509 102373 98589 114793 201294 145001 41643 87695 255563 323072 48730 130554 229244 162881 47985 199205 73100
179306 57752 38527 40789 114821 122029 11832 126351 139739 80251 23325 164998 46663 142127 197333 150442 391214 156322 167426 187335 145171 147851 176942 14923 53292 141044 125887 115423 63229 117780 29668 147534 228702 55173 129973 28273
44951 156880 228830 94465 134368 93571 69152 93327 150327 130116 102798 47446 131225 201908 230903 110700 142210 101673 83119 223364 99882 73700 88570 82293 155466 92731 120562 221868 273948 125562 159008 120183 122748 107257 130429 51527
368747 204623 253919 255912 86158 81816 110660 100550 154426 35797 141031 141809 190670 192447 148185 191037 146226 215116 121401 72972 160836 71296 71856 86733 77144 161883 117004 142646 87453 161053 104149 147123 193965 53507 49535 144970
209901 254550 127775 232905 49332 256899 48097 68150 192145 258723 50106 53984 186948 96613 243205 108695 238235 66848 113145 126881 234744 169050 106372 240944 226377 47027 153021 99910 59803 89028 97499 120031 226230 194274 82769 176606
247676 175667 24141 81911 38904 99798 239068 266272 94887 78580 105909 216912 123496 150710 111623 168211 118146 203011 124576 116643 215754 182428 130180 239557 121276 231205 201185 63101 162252 145547 211552 232184 139200 121149 212827 175884
49051 106361 72800 109635 138607 124304 215288 71270 162955 135053 167485 76318 143753 281445 181577 236490 134867 9721 181793 168470 116804 89644 111251 52482 98811 181329 223238 185516 244118 76094 95167 59673 77000 58806 69949 136292
31342 48551 280136 93284 194367 155273 37515 79898 159326 32052 224565 131708 149945 224444 209815 90838 103146 169960 181459 157619 65322 151235 212783 95107 145302 58808 175488 215681 114782 109792 193120 192159 100240 104409 130021 59105
131425 259728 66471 143709 50251 194784 72870 236852 95278 128662 148829 107324 146072 48637 127969 182813 148571 218663 48958 69790 222571 251477 52763 83999 103356 237386 155650 139597 29916 186847 99850 80569 173418 259528 91419 210357
148824 170665 99970 262008 261635 90260 96476 168019 51493 69268 238373 270457 57301 149892 129510 129564 232908 240813 108676 68629 90817 166899 168254 112145 61472 161189 118522 177366 318103 113852 196685 204811 55365 207094 43823 130267
131880 169926 91676 107005 152662 242689 54521 288589 180084 172289 163309 128182 31433 104727 137741 74355 114617 89553 203170 90291 295897 168675 214191 65338 141665 244691 158375 121142 186645 188587 206021 81474 80108 77645 101359 249216
207349 205824 69627 172845 213698 101941 171791 144876 247362 148513 107837 117267 217120 55268 117892 156564 69137 41061 40241 228891 215429 127190 125409 76617 106943 375488 88520 72346 160148 155550 159574 123283 102877 200261 226048 65943
145974 68637 136513 152717 214296 46498 106027 157673 52221 104942 70062 46004 49460 74238 41338 46953 137363 51904 13278 40251 113653 36086 108042 68790 32748 203530 75843 108434 31354 81439 179976 54211 313882 45849 104537 146062
345379 146377 285336 171004 97032 156643 177286 86075 47403 275665 150952 119835 175278 206750 109959 190391 119631 90837 162793 31854 82368 153390 85810 101695 175022 116058 384173 203354 130231 262597 98986 141176 184859 208090 16706 188025
164056 35946 183746 136649 168704 226117 136635 106023 82381 103308 83047 75458 183866 90957 178863 278000 87558 117314 33373 45023 151725 81328 154812 258126 199756 115319 113707 160469 113438 73278 85129 141909 77145 172363 329161 312272
185368 149422 267385 182740 170202 250429 154973 160396 333550 60091 96080 263404 284891 212544 242053 146334 246771 121882 267502 105584 26253 169198 171529 248272 204720 154630 180090 100853 73539 199937 215406 172805 101987 122712 152998 257397
100341 102728 33996 165431 171742 83711 114396 38877 135623 64229 45194 192081 222694 202872 259623 222937 27117 67811 114644 64740 153080 56552 40268 127080 143592 83636 137044 131171 73868 214497 184149 240216 152047 201693 198968 93058
65051 75661 155858 196175 166106 123600 136021 153467 197220 112122 123743 184068 48727 122352 50377 291374 199007 48706 227909 40719 87879 91272 172559 224423 132089 101746 127448 58530 97144 67819 259555 174435 265160 168377 125127 123127
256120 111915 248765 134207 162418 91503 219824 5102 180412 132880 151400 72837 230176 109479 64372 31778 185851 76680 119798 105902 61772 222807 76850 183082 235060 52130 151821 122725 206613 211682 111618 172144 61149 166423 118352 87411
178441 212221 135590 175092 142501 122545 84901 148331 102608 75569 124129 168042 178207 59422 294776 91175 48614 12244 92472 60678 126886 171538 189418 107376 51054 193691 62185 171012 106397 193729 198358 130452 165599 75334 156614 136326
197667 151510 224176 56744 99907 50732 44538 74346 9735 119259 161767 81703 75063 66327 143224 190443 92301 98015 110802 177259 86558 95068 82919 29817 151288 126708 192309 143554 100503 84242 242164 137884 165756 25087 138911 187186
34711 111900 44833 102887 46208 157150 52019 89462 79492 11249 129242 31686 159999 28162 76036 189650 218493 118355 221867 247782 266263 157650 92658 108646 100419 156036 71430 94074 253589 50084 95139 441860 73437 108900 327516 139733
102999 237579 56791 170725 126857 152928 225164 170285 141146 264286 205529 287273 83438 149908 129454 175934 114173 214981 251892 39530 141630 165081 155355 23035 142172 100924 176072 112794 170781 201406 225707 232422 95620 56633 253461 104833
167566 231726 143624 125421 205750 151885 221905 124651 54946 69797 107848 95765 233588 21053 132592 230833 53420 122266 129409 88843 270006 142712 74216 216092 238740 64762 54815 194704 117011 68261 114016 233866 17044 141760 35401 68074
100496 77510 142887 61550 124184 82116 159725 159819 156304 160999 316102 215076 88962 140923 77812 156136 102982 125269 69832 50327 29077 353255 86130 40534 42763 106257 142371 104554 134230 27927 152030 248802 183201 123219 125202 81178
205719 84650 32196 120320 209196 271071 235858 218044 149258 214049 116158 129317 98261 142898 92357 92093 251048 51233 15564 256580 91499 37259 41852 252153 136483 81972 88454 145388 246469 156311 40412 245076 194764 118249 276034 157909
193009 65607 99209 147727 80316 111230 114061 193561 205640 49206 147766 128870 237847 83536 183141 155639 145757 101397 155905 153129 106069 59334 75932 173389 74408 121028 171869 138142 143512 168385 109315 141078 153459 90908 14455 54159
199376 251896 209458 24057 118520 240914 46679 164366 56475 180825 194060 21679 79861 208989 192815 171551 174316 32534 119744 287715 91562 153894 164034 168567 64563 152151 66262 84791 172384 34290 145001 236070 165021 116298 190342 157852
76235 23362 130635 33650 84857 156830 69915 29841 140263 59109 69368 185416 105586 271980 63739 143560 109032 66486 58882 203776 194970 169905 288640 123833 137244 161034 95056 66705 224964 74929 169091 30339 101796 78396 175402 164414
65938 39897 166032 102789 92456 175863 50025 145544 59921 132258 282584 124954 72421 60247 193978 185972 189853 148329 61760 68811 226653 68868 60843 163606 164557 18865 208697 87387 160445 185533 95124 176342 168544 232357 217045 97340
256062 80727 186044 123723 303758 103650 48583 210227 195765 101554 249471 178451 131124 80371 95342 112642 85133 126255 100820 173648 190904 75611 284476 64063 45412 137691 148303 71797 213843 203601 110703 151018 159687 239457 91469 258846
14889 180331 117114 125887 485622 119595 93847 41895 185440 137768 134989 292362 135416 114176 218653 252236 126916 146144 20371 26619 94616 42598 109896 139582 200723 139382 55416 104808 238353 167439 42619 192148 170219 190646 18969 157133
81987 320317 166308 56722 174384 152067 86648 43156 140163 176367 126231 83763 138904 130975 17393 171453 203952 193876 104644 121693 191923 37925 167487 78364 76143 77494 166807 177074 74272 87019 197602 66078 101789 67953 47498 118306
206265 113234 193234 59224 89449 116900 236764 331319 150240 133861 172557 242102 125580 231192 26429 76001 136052 84501 92926 127121 131310 146006 105798 147438 155137 174658 198936 31775 191103 116363 149896 174872 301245 138188 57035 131738
290309 243749 181569 133840 261876 107171 99006 226475 174741 266428 150557 148605 176211 142134 131951 152653 59615 354340 145344 217223 190158 145488 60792 96270 113725 99008 49855 12916 99543 195523 24290 138523 223598 124432 58222 183426
219705 114811 56890 110906 72719 112069 79924 126409 156605 186417 101652 112021 91417 202105 54043 190852 113095 124631 155849 92650 27511 86063 40541 127259 180486 211196 126053 260592 90950 184345 126798 51605 181396 157144 198821 59711
209581 292249 192594 243283 63681 327446 195572 136765 190658 82820 68617 203720 220322 163967 255697 247544 94494 127489 47011 156952 115042 43869 139319 58786 46914 161303 221768 60922 70269 87002 153532 56432 176130 198774 128730 131085
111216 195234 125148 33402 297950 223415 42510 105340 134538 306068 227537 189041 79646 131362 237132 13035 173817 66204 155555 156496 177205 89386 32805 124636 68202 131002 243481 106326 177020 187053 116049 77664 127296 205509 199940 83505
111047 68692 171294 244152 139143 55140 111353 209552 71630 115890 121656 161480 188466 122574 160956 186076 103358 82533 185471 134524 205928 146789 106111 159244 180978 58591 52359 79622 46600 131401 188664 232193 113914 21678 110585 158162
195963 41436 271777 174612 107684 49146 96556 177970 191024 69099 182509 129469 149278 65587 155913 66439 26689 20157 360360 220648 74081 102335 175876 77602 160519 133381 101145 159061 215135 156783 220419 198762 54908 70327 45426 75590
41424 58765 92688 18230 153825 96731 114787 125231 188581 136132 84157 218863 89222 88736 116669 65471 159068 82344 109038 331916 206188 9294 106023 31573 144807 64779 62479 97696 152167 69188 147195 359726 52249 88979 119171 83228
161723 88706 253883 227983 273101 151074 103547 179354 71862 369612 204485 109045 93390 174977 135492 102743 176409 118646 135610 111702 182568 66429 194573 106754 228085 99819 256715 138804 44769 165200 65275 44940 115424 161764 117516 119901
284696 32912 147555 219395 151978 112268 159297 208204 103141 298413 161075 53667 73387 53677 50725 146737 269319 104609 118641 61131 13555 54631 101216 232352 75633 103718 136797 130886 268332 199699 96813 90149 74336 42715 60596 108428
216519 132218 158993 212868 284087 103789 98178 104501 93930 121097 95036 122056 9799 171723 203047 141433 63717 143198 185910 222572 174418 245185 61709 162298 37399 89165 132381 153632 121099 101122 86556 197736 81541 161678 113176 169128
161290 221321 148062 93657 60142 51273 142130 310688 37620 31517 140788 45092 245698 170755 66956 65726 81761 59724 181912 138268 127976 33772 171319 227596 114425 90631 166762 101102 130058 285958 240149 76220 118160 42195 160759 30750
168217 173018 49096 71105 181409 83632 32798 37575 137289 174303 59966 61238 177142 87869 111709 186261 245186 102827 140563 117194 143434 69546 80269 176002 67231 181068 83903 186843 189598 18671 103433 49559 141635 150930 107338 19887
103997 125944 153409 78733 123659 239247 64532 45482 177708 128472 68683 76710 124111 216528 85709 261994 87149 234511 155577 82245 127580 203245 214439 125207 242076 84288 119292 185032 89165 88007 89152 99173 143779 127254 128970 50434
68306 255637 246144 118720 78482 284875 145723 40141 124767 78960 66295 186480 166587 114764 39619 15396 233095 22346 128820 44604 97044 86564 75747 138528 166057 76579 204206 107393 148087 231086 182285 166810 116319 77462 55523 45417
115357 170429 68063 82357 120196 85348 196474 128375 41081 55730 244850 116369 79238 106418 139771 209310 53478 116745 171586 177184 96596 184111 318766 89824 53847 151883 41967 106225 242459 51039 154989 66924 91988 305964 196054 186155
71165 218827 132344 164903 63874 109365 159881 40529 105287 38801 94260 147665 227610 246043 59460 82114 128561 67019 183857 157817 41232 152517 129891 106125 214869 225775 20774 130471 63633 139380 122775 116996 121716 123719 58475 213531
124623 21371 143288 94189 108453 145539 68437 129998 189892 54809 184905 152669 46092 107080 188842 84495 145217 98074 111548 153646 103853 242422 363932 177572 105117 118937 94480 94297 233930 104035 174777 98830 112485 36067 198914 64031
240394 143386 153785 105597 43862 117200 124506 254470 285468 80945 142509 86123 134452 85412 134778 98592 101540 228364 36603 95073 191005 249189 104634 53547 63642 124489 99468 144671 150747 199009 243447 93881 90965 198695 214527 136077
102133 100935 221506 184798 176203 258894 209071 89741 136984 201081 132600 71670 52092 302406 195260 104126 93470 152529 191913 35887 54595 153104 218734 131022 82523 157074 361621 164364 218315 165551 33649 45874 111699 131432 132143 100582
2536 94502 113720 287640 156775 112835 70959 139910 23927 138554 135843 131058 146013 218014 234329 151285 74935 135859 134892 46461 226656 100919 131249 138057 121005 153574 140404 142617 56356 83403 206616 127212 53010 108055 203959 218803
174787 56218 118873 56576 216162 215003 113075 82470 92125 75234 172063 179721 139987 98915 40903 38764 85754 81453 119972 138163 24737 226484 91484 97933 4777 168166 143496 66831 105066 165147 236113 191090 124439 77659 102065 102188
33505 276976 32715 93518 300612 173212 68179 142613 76474 15496 14347 106160 213292 110082 76367 99367 162178 201456 56785 192555 135063 177209 36987 173686 93234 89405 129068 80457 109583 159975 146752 180145 95598 93862 109519 259424
32794 185981 146440 84134 235734 99048 126209 28097 59718 106176 54055 48458 86844 89429 53616 39155 35087 236216 211500 105421 62586 69266 234630 90147 107974 103641 136460 159722 112843 78375 153379 105800 273087 200439 63142 101140
217721 114136 207332 45335 53489 214557 113121 249883 126417 143175 208649 35941 114990 229263 129863 133864 86912 189289 118710 120166 163770 127901 79357 163564 246572 242353 170629 111241 102844 133367 74167 111485 38175 236162 227391 191159
243175 105500 72310 268876 93591 97827 42445 159851 217968 183157 122337 82488 81966 115847 150394 252678 121059 290091 214814 197528 234245 29969 34069 206485 69758 177376 122267 91863 190724 170278 58862 175055 178564 72245 335532 155469
153939 234021 173516 57355 32003 188741 124339 147312 170004 152190 227278 81938 184862 159777 81482 36597 220386 162535 93260 68529 95049 275120 214791 156013 42994 115629 124477 196936 26804 27443 129819 92861 90290 170140 295698 142695
195867 178728 144981 115953 70274 7618 160022 181588 156830 43622 186556 142491 58085 45103 208151 117068 55747 102276 137043 55495 76328 107765 96411 139150 100637 185434 104401 316441 72062 287209 28059 142384 182577 102722 235338 48488
206579 78646 169930 146453 145934 60719 69971 66501 83968 206024 91841 229920 201550 56054 80782 67664 232684 17570 134963 256159 104584 96966 288067 153315 148882 52483 147313 115638 36846 137631 207752 68348 93652 21561 171303 299448
104270 114815 132265 165742 189488 68491 228779 116429 131474 34355 185368 121650 120991 117196 142416 107977 271158 165976 50734 112517 225970 38761 277464 83124 203607 189729 157989 69700 108615 275017 80729 84367 174168 122048 229804 121638
77950 142588 63943 73128 183979 74197 170872 61736 121942 101157 214743 142431 228192 63737 79773 55091 174684 148439 63412 60429 190776 196930 85500 110569 97468 156877 141666 73468 105819 114049 137371 78568 189532 178102 108677 139935
126957 59852 189075 173644 101448 98964 180465 98139 183240 224029 26881 19989 286568 200033 40101 81877 113150 111908 76154 147699 66958 127458 164985 80747 139560 110443 20947 113685 136712 165008 210297 8538 13885 106265 104678 94453
103736 110983 194044 87688 130759 151600 55038 158993 136398 106293 104665 258257 239453 219346 49510 142995 106981 155622 162562 321966 166701 74018 172062 198548 168673 65854 100705 159948 234896 264248 237186 77691 209802 132896 166957 175198
156533 74401 234112 179624 264585 31933 54975 204395 111196 171508 65264 66125 62296 93306 90622 24479 90117 98752 187417 313303 100626 140575 86047 183320 170908 164555 163980 143777 38379 38904 47999 132468 125660 146919 85331 71567
168148 204957 33974 44177 290272 83947 34048 134425 64506 259008 117107 99615 118932 140820 124497 164002 201429 252350 173103 48707 190583 177394 139227 182838 127082 186688 17104 134815 163249 276958 155511 295473 19298 35426 144605 49112
103992 163956 87157 124544 126233 50024 71631 138483 125490 75014 373959 103830 204693 290636 125049 211764 3343 132705 131465 66150 224948 84590 107193 112436 187366 162315 110277 36260 149508 10529 178857 76722 133134 51906 118586 45110
75412 172967 69573 88891 54948 155524 120325 199048 132649 170660 98943 152928 84314 58710 186750 80371 83027 214796 31996 60052 131766 207696 100815 87537 124371 211685 160829 111539 59534 139027 161631 51406 43568 169298 130983 66072
196870 19647 117516 39136 72636 242665 235361 154654 149045 37083 37853 38887 107117 156739 61975 74390 29877 131392 23947 18805 131652 99033 113281 264003 67236 33835 261727 249598 102654 23481 152212 72179 27837 96835 57176 49105
169652 47052 171039 46544 214422 44947 224137 207463 119624 169767 74281 173976 190576 144731 103122 138800 195992 61900 55503 117677 157752 21731 97606 208284 107895 104616 141140 110798 86695 159752 156082 255299 137378 86633 78772 103295
158526 142300 144446 49133 136589 80090 215806 55355 95499 15316 118379 133368 118627 63314 97213 109190 164477 141628 125220 150856 110059 120444 78688 45201 196853 64321 199167 74732 96674 44208 205167 79892 173323 22633 117002 95221
271761 156909 208600 58943 121542 78066 47849 86971 84591 49066 27203 192772 68992 74598 165746 93903 182138 53727 184749 209298 84429 88953 154801 144695 73529 63800 22299 81254 178452 200033 83538 26090 97135 14633 55430 72204
